						
		210		2407		0				
		215		2411		0				
		218		2200		0				
		218		2102		0				
		200		2028		0				
		220		1934		0				
		396		1660		0				
		445		1337		323				
		309		1044		2218				
		286		854		3988				
		281		822		4749				
		266		717		5294				
		263		558		5663				
		270		488		5896				
		307		376		5780				
		290		332		5431				
		442		252		3456				
		488		231		751				
		487		244		0				
		490		341		0				
		453		418		0				
		422		474		0				
		364		626		0				
		264		740		0				
																	
																	
															
	