						
		2100		2407		0				
		2150		2411		0				
		2180		2200		0				
		2180		2102		0				
		2000		2028		0				
		2200		1934		0				
		3960		1660		0				
		4450		1337		323				
		3090		1044		2218				
		2860		854		3988				
		2810		822		4749				
		2660		717		5294				
		2630		558		5663				
		2700		488		5896				
		3070		376		5780				
		2900		332		5431				
		4420		252		3456				
		4880		231		751				
		4870		244		0				
		4900		341		0				
		4530		418		0				
		4220		474		0				
		3740		626		0				
		3640		740		0				
																	
																	
															
	